聚币网：当前价/买价/卖价/最高价/最低价/成交量/成交金额
https://www.jubi.com/coin/allcoin?t=0.756670512122247
Accept:application/json, text/javascript, */*; q=0.01
Accept-Encoding:gzip, deflate, br
Accept-Language:zh-CN,zh;q=0.8
Connection:keep-alive
Cookie:UM_distinctid=15ce1cbc6b90-08d0f648ac95ff-323f5c0f-1fa400-15ce1cbc6bab83; __jsluid=a0411baa8a8b06f00bff149287bcc734; USER_PW=1261349f113006d6c9601224fdb08d7f; PHPSESSID=382ff03b8fc86fe6335c0a1c748434d8; CNZZDATA30089623=cnzz_eid%3D1355646171-1498432799-%26ntime%3D1503529741; Hm_lvt_793cf745a4658cd3a26792c51d2fc377=1503307810,1503368073,1503449314,1503534241; Hm_lpvt_793cf745a4658cd3a26792c51d2fc377=1503534377
Host:www.jubi.com
Referer:https://www.jubi.com/
User-Agent:Mozilla/5.0 (Windows NT 6.1; Win64; x64) AppleWebKit/537.36 (KHTML, like Gecko) Chrome/60.0.3112.101 Safari/537.36
X-Requested-With:XMLHttpRequest

返回：
{"act":["Achain",1.9689,1.9601,1.9685,2.1806,1.6751,57348794,107255741],"ans":["\u5c0f\u8681\u80a1",250.4,250.4,250.42,284.5,223,367463,93763978],"xnc":["\u7384\u94fe",1.2048,1.2048,1.2049,1.4488,1.1533,68953887,86674818],"xrp":["\u745e\u6ce2\u5e01",1.654001,1.654001,1.660001,1.999,1.57,44429194,81765527],"btm":["\u6bd4\u539f\u94fe",1.321,1.32,1.321,1.46,1.25,50948605,68183139],"eth":["\u4ee5\u592a\u574a",2112,2112,2122.9,2200,2101.02,29264,62960253],"bcc":["BCC",5520,5490.3,5520,5839,5100,8582,46277058],"xas":["\u963f\u5e0c\u5e01",5.13,5.13,5.138,5.5,4.57,8204946,41403515],"ugt":["UG Token",6.222,6.222,6.24,6.45,5.723,6717280,40084848],"hcc":["\u533b\u7597\u94fe",0.450211,0.450231,0.453689,0.518,0.45,85608544,40869335],"tic":["\u949b\u5e01",7.258,7.205,7.274,8.54,6.8,5264753,40224008],"bts":["\u6bd4\u7279\u80a1",0.91,0.91,0.912,1.032,0.871,40476029,38876962],"etc":["\u4ee5\u592a\u7ecf\u5178",102.11,102,102.19,113.24,95.49,291193,30146632],"elc":["\u9009\u4e3e\u94fe",0.050156,0.050136,0.050156,0.053,0.0476,552765028,27657440],"ico":["ICO\u5e01",5.801,5.8,5.801,6.489,5.603,4641739,27728713],"ltc":["\u83b1\u7279\u5e01",356,356,356.28,357.9,311,68352,22702829],"nxt":["\u672a\u6765\u5e01",0.803143,0.803143,0.809729,0.9253,0.716,27454874,22852555],"btc":["\u6bd4\u7279\u5e01",27999,27690.02,27990,28600,27111.11,694,19440895],"qtum":["\u91cf\u5b50\u94fe",78,77.63,78.39,83.5,74.09,242317,19142054],"btk":["B-Token",0.75,0.75,0.76,0.84,0.74,24549947,19376122],"eos":["EOS",9.36,9.29,9.36,10.34,8.74,1591494,15083045],"rss":["\u7ea2\u8d1d\u58f3",2.316,2.315,2.316,2.45,2.235,6064071,14203742],"vtc":["\u7eff\u5e01",4.621,4.611,4.621,4.68,3.38,1549201,6106665],"peb":["\u666e\u94f6",0.1077,0.1077,0.1082,0.1092,0.1021,62975279,6681821],"doge":["\u72d7\u72d7\u5e01",0.011581,0.01158,0.011581,0.012189,0.01126,510149471,5945726],"fz":["\u51b0\u6cb3\u5e01",2.3523,2.3523,2.379998,2.603,2.045001,2028163,4925199],"blk":["\u9ed1\u5e01",1.7399,1.726,1.7399,1.96,1.52,2726794,4850926],"mryc":["\u7f8e\u4eba\u9c7c\u5e01",0.315994,0.315003,0.319987,0.325,0.289999,14844077,4518006],"dnc":["\u5b89\u7f51\u5e01",0.030979,0.030979,0.03098,0.0319,0.029508,143624832,4386186],"pgc":["\u4e50\u56ed\u901a",0.649,0.649,0.657,0.783,0.638,5555906,3946300],"max":["\u6700\u5927\u5e01",0.4806,0.4806,0.4859,0.608,0.46,6884571,3515201],"ifc":["\u65e0\u9650\u5e01",0.000587,0.000585,0.000587,0.000594,0.000545,5635235593,3213876],"lsk":["LISK",19.98,19.6,19.94,21.5,18.75,141575,2797611],"mcc":["\u884c\u4e91\u5e01",1.2943,1.2943,1.2944,1.36,1.2564,2164010,2843926],"game":["\u6e38\u620f\u70b9",15.4,15.283,15.5,16.72,14.153,161933,2495253],"rio":["\u91cc\u7ea6\u5e01",0.995,0.995,0.996,1.055,0.932,2500957,2503350],"xsgs":["\u96ea\u5c71\u53e4\u6811",57,57.0201,57.9462,62,55.6,36661,2159260],"tfc":["\u4f20\u9001\u5e01",1.1501,1.140103,1.149998,1.248,1.081,1753172,2028850],"skt":["\u9ca8\u4e4b\u4fe1",0.113,0.112,0.113,0.115,0.105,17104641,1900298],"qec":["\u4f01\u9e45\u94fe",0.164,0.162,0.165,0.173,0.158,11648736,1942341],"eac":["\u5730\u7403\u5e01",0.006971,0.0069,0.007,0.0075,0.006666,273070874,1940749],"wdc":["\u4e16\u754c\u5e01",0.402401,0.401,0.406,0.42999,0.3711,4472984,1785110],"met":["\u7f8e\u901a\u5e01",0.076,0.076,0.077,0.08,0.073,23488700,1802665],"ppc":["\u70b9\u70b9\u5e01",11.126,11.13,11.319,12.28,10.813,152547,1739888],"zet":["\u6cfd\u5854\u5e01",0.160353,0.1604,0.161,0.167,0.14,9911721,1534633],"hlb":["\u6d3b\u529b\u5e01",0.122,0.122,0.124,0.131,0.119,12344373,1537854],"xpm":["\u8d28\u6570\u5e01",2.265001,2.265001,2.297999,2.4821,2.1,624728,1440867],"gooc":["\u8c37\u58f3\u5e01",0.343,0.343001,0.347818,0.38,0.335,4050995,1422892],"lkc":["\u5e78\u8fd0\u5e01",0.151,0.151,0.152,0.154,0.143,8805141,1322687],"zcc":["\u62db\u8d22\u5e01",0.327999,0.327999,0.328,0.341,0.311828,3752518,1220434],"plc":["\u4fdd\u7f57\u5e01",0.124,0.124,0.125,0.131,0.118,9772798,1220855],"ytc":["\u4e00\u53f7\u5e01",0.113,0.112,0.113,0.118,0.106,10371846,1173640],"mtc":["\u7334\u5b9d\u5e01",0.161,0.16,0.161,0.171,0.153,6858245,1117004],"vrc":["\u7ef4\u7406\u5e01",7.788995,7.680001,7.788995,8.3,7.36,134899,1047292],"jbc":["\u805a\u5b9d\u5e01",0.118864,0.118354,0.118864,0.126,0.113005,6063960,721446],"ktc":["\u80af\u7279\u5e01",2.701,2.7,2.701,2.716,2.633,232218,621251]}

